city	x	y
0	0	0
5000	320	652
5001	108	185
5002	954	199
5003	911	642
5004	314	272
5005	797	515
5006	31	406
5007	60	398
5008	360	82
5009	632	660
5010	754	925
5011	344	587
5012	662	851
5013	325	171
5014	612	116
5015	138	304
5016	798	299
5017	574	30
5018	575	214
5019	126	496
5020	823	895
5021	102	249
5022	423	307
5023	172	690
5024	441	144
5025	574	770
5026	110	337
5027	803	58
5028	310	58
5029	104	543
5030	820	327
5031	329	263
5032	458	762
5033	675	26
5034	324	471
5035	630	934
5036	294	119
5037	408	92
5038	40	243
5039	770	783
5040	586	221
5041	551	528
5042	638	864
5043	608	8
5044	42	633
5045	363	393
5046	870	121
5047	48	842
5048	766	985
5049	2	856
5050	699	845
5051	202	791
5052	101	247
5053	67	601
5054	680	689
5055	738	626
5056	313	571
5057	987	906
5058	790	462
5059	798	530
5060	834	972
5061	388	840
5062	970	69
5063	840	908
5064	399	608
5065	498	545
5066	757	586
5067	231	660
5068	825	57
5069	374	439
5070	825	399
5071	489	108
5072	722	610
5073	21	719
5074	712	34
5075	542	695
5076	194	282
5077	776	549
5078	873	914
5079	265	174
5080	881	833
5081	294	724
5082	374	464
5083	391	702
5084	212	960
5085	311	750
5086	391	65
5087	86	156
5088	405	243
5089	81	277
5090	29	477
5091	818	651
5092	951	966
5093	872	875
5094	392	679
5095	15	55
5096	604	616
5097	832	140
5098	478	440
5099	194	49
5100	39	782
5101	75	441
5102	519	679
5103	718	420
5104	456	750
5105	545	683
5106	110	929
5107	624	496
5108	673	479
5109	596	417
5110	701	101
5111	951	990
5112	47	281
5113	665	870
5114	809	409
5115	244	18
5116	760	584
5117	373	196
5118	627	593
5119	339	972
5120	490	677
5121	536	915
5122	650	697
5123	144	109
5124	360	693
5125	476	397
5126	66	809
5127	721	64
5128	93	798
5129	927	799
5130	418	680
5131	540	665
5132	682	717
5133	916	214
5134	52	740
5135	239	616
5136	268	381
5137	721	659
5138	778	167
5139	924	808
5140	145	147
5141	485	880
5142	335	672
5143	801	971
5144	622	559
5145	772	782
5146	93	412
5147	96	386
5148	468	985
5149	708	983
5150	535	280
5151	954	543
5152	816	163
5153	965	338
5154	759	559
5155	406	884
5156	174	244
5157	732	310
5158	751	804
5159	131	932
5160	160	646
5161	440	993
5162	892	866
5163	267	477
5164	218	632
5165	785	979
5166	445	327
5167	584	503
5168	493	320
5169	11	953
5170	976	677
5171	315	867
5172	304	955
5173	1	344
5174	570	229
5175	504	225
5176	450	318
5177	332	802
5178	253	762
5179	887	728
5180	964	791
5181	64	11
5182	465	31
5183	851	297
5184	669	80
5185	506	463
5186	412	847
5187	753	484
5188	112	421
5189	308	459
5190	564	203
5191	918	973
5192	707	882
5193	496	142
5194	954	621
5195	60	320
5196	973	38
5197	727	594
5198	987	458
5199	548	710
5200	351	253
5201	733	824
5202	498	845
5203	239	522
5204	37	924
5205	1	739
5206	591	207
5207	230	208
5208	83	335
5209	796	382
5210	372	918
5211	257	6
5212	114	245
5213	620	886
5214	608	614
5215	902	289
5216	190	891
5217	11	435
5218	781	898
5219	992	629
5220	961	932
5221	220	22
5222	376	966
5223	724	685
5224	675	598
5225	841	639
5226	799	56
5227	532	81
5228	883	544
5229	304	812
5230	644	122
5231	183	348
5232	914	14
5233	586	498
5234	329	383
5235	865	73
5236	866	959
5237	308	707
5238	821	759
5239	561	639
5240	237	45
5241	478	403
5242	701	529
5243	491	45
5244	564	502
5245	304	328
5246	567	863
5247	432	82
5248	998	236
5249	64	676
5250	876	63
5251	921	347
5252	940	561
5253	175	555
5254	25	932
5255	806	947
5256	27	352
5257	888	550
5258	942	792
5259	780	539
5260	224	696
5261	367	171
5262	467	162
5263	62	508
5264	715	325
5265	16	922
5266	10	721
5267	546	534
5268	846	626
5269	792	2
5270	772	940
5271	524	695
5272	464	968
5273	823	388
5274	808	233
5275	646	346
5276	851	892
5277	222	264
5278	746	936
5279	725	389
5280	644	65
5281	176	898
5282	431	870
5283	43	840
5284	730	269
5285	31	706
5286	656	720
5287	676	988
5288	715	758
5289	750	819
5290	767	261
5291	635	619
5292	443	115
5293	88	828
5294	688	968
5295	775	267
5296	500	560
5297	155	403
5298	296	877
5299	742	216
5300	118	236
5301	275	329
5302	920	745
5303	543	690
5304	819	832
5305	685	249
5306	91	614
5307	943	936
5308	559	991
5309	531	201
5310	681	400
5311	781	713
5312	947	814
5313	807	60
5314	775	1000
5315	783	4
5316	389	46
5317	670	862
5318	140	314
5319	76	941
5320	329	712
5321	68	801
5322	667	975
5323	933	670
5324	591	163
5325	638	746
5326	749	709
5327	702	735
5328	852	492
5329	756	732
5330	473	871
5331	301	481
5332	912	715
5333	809	833
5334	587	635
5335	825	824
5336	894	519
5337	444	236
5338	676	43
5339	107	693
5340	0	217
5341	697	226
5342	528	699
5343	423	596
5344	91	95
5345	377	8
5346	27	641
5347	349	984
5348	68	831
5349	616	472
5350	944	263
5351	566	912
5352	544	744
5353	389	181
5354	575	679
5355	314	991
5356	413	278
5357	538	436
5358	66	242
5359	971	670
5360	897	687
5361	890	561
5362	529	988
5363	772	762
5364	232	565
5365	396	645
5366	451	956
5367	734	192
5368	61	807
5369	248	56
5370	91	121
5371	290	986
5372	124	89
5373	347	361
5374	231	785
5375	674	273
5376	633	758
5377	931	777
5378	914	131
5379	820	633
5380	817	413
5381	634	571
5382	835	713
5383	115	113
5384	787	443
5385	557	659
5386	676	752
5387	300	296
5388	73	945
5389	419	864
5390	734	225
5391	1	346
5392	900	389
5393	328	607
5394	773	879
5395	106	785
5396	172	912
5397	465	999
5398	825	59
5399	42	140
5400	547	273
5401	356	879
5402	542	425
5403	396	933
5404	677	69
5405	36	956
5406	663	975
5407	838	6
5408	201	49
5409	932	669
5410	255	177
5411	754	419
5412	757	748
5413	563	349
5414	801	422
5415	929	214
5416	375	44
5417	15	624
5418	871	82
5419	278	351
5420	837	674
5421	181	207
5422	747	246
5423	961	670
5424	629	805
5425	834	783
5426	758	772
5427	961	761
5428	735	676
5429	94	280
5430	228	351
5431	236	668
5432	755	152
5433	406	742
5434	113	937
5435	248	823
5436	794	351
5437	959	671
5438	954	11
5439	437	707
5440	512	573
5441	953	465
5442	811	795
5443	600	547
5444	469	540
5445	777	635
5446	72	551
5447	838	924
5448	572	510
5449	894	281
5450	600	315
5451	156	902
5452	287	98
5453	86	596
5454	80	690
5455	63	186
5456	245	731
5457	449	85
5458	247	516
5459	821	426
5460	99	647
5461	10	58
5462	5	173
5463	817	939
5464	6	679
5465	833	498
5466	783	29
5467	544	613
5468	614	233
5469	402	180
5470	171	882
5471	523	320
5472	332	816
5473	564	552
5474	258	177
5475	272	934
5476	263	734
5477	684	421
5478	338	423
5479	353	950
5480	675	793
5481	103	861
5482	338	679
5483	294	733
5484	694	695
5485	28	788
5486	91	676
5487	123	64
5488	778	9
5489	828	641
5490	997	672
5491	517	18
5492	467	623
5493	793	992
5494	80	39
5495	891	49
5496	438	607
5497	677	34
5498	272	691
5499	438	349
5500	248	504
5501	168	399
5502	691	719
5503	869	591
5504	312	65
5505	472	624
5506	151	391
5507	976	373
5508	658	433
5509	190	556
5510	128	735
5511	828	646
5512	669	754
5513	864	91
5514	165	583
5515	617	927
5516	755	858
5517	517	580
5518	920	79
5519	31	587
5520	888	51
5521	728	940
5522	855	275
5523	614	420
5524	145	477
5525	228	946
5526	364	642
5527	659	454
5528	955	969
5529	692	342
5530	299	612
5531	140	128
5532	173	374
5533	191	975
5534	975	807
5535	230	742
5536	530	408
5537	445	297
5538	407	920
5539	44	308
5540	867	494
5541	58	574
5542	663	62
5543	742	160
5544	609	444
5545	556	409
5546	774	234
5547	324	829
5548	749	894
5549	432	870
5550	175	48
5551	900	738
5552	138	94
5553	686	454
5554	46	642
5555	788	787
5556	4	711
5557	803	306
5558	49	490
5559	74	157
5560	619	568
5561	431	780
5562	774	700
5563	839	827
5564	223	34
5565	238	953
5566	750	581
5567	728	116
5568	470	252
5569	571	98
5570	737	287
5571	307	453
5572	262	148
5573	524	28
5574	600	596
5575	71	832
5576	499	330
5577	367	596
5578	195	911
5579	942	904
5580	165	821
5581	748	92
5582	880	951
5583	899	314
5584	362	697
5585	858	953
5586	941	609
5587	361	751
5588	136	703
5589	551	778
5590	18	110
5591	210	280
5592	94	66
5593	714	216
5594	598	790
5595	723	614
5596	83	747
5597	275	3
5598	704	54
5599	474	712
5600	510	794
5601	16	116
5602	103	887
5603	549	119
5604	719	610
5605	557	978
5606	774	433
5607	760	853
5608	597	700
5609	283	940
5610	63	607
5611	312	381
5612	955	2
5613	827	141
5614	328	803
5615	844	54
5616	838	3
5617	905	177
5618	558	329
5619	776	830
5620	240	903
5621	612	597
5622	552	92
5623	940	390
5624	321	233
5625	933	961
5626	139	481
5627	659	244
5628	287	75
5629	114	49
5630	490	831
5631	442	548
5632	251	445
5633	339	56
5634	329	251
5635	869	842
5636	723	493
5637	757	484
5638	195	484
5639	838	593
5640	479	629
5641	30	619
5642	683	841
5643	64	487
5644	964	845
5645	737	521
5646	160	745
5647	13	137
5648	585	703
5649	178	506
5650	834	92
5651	727	417
5652	234	941
5653	499	423
5654	778	326
5655	170	67
5656	639	293
5657	760	905
5658	9	373
5659	225	786
5660	757	398
5661	958	501
5662	182	157
5663	610	299
5664	580	919
5665	513	758
5666	395	286
5667	784	298
5668	18	758
5669	655	226
5670	386	44
5671	396	914
5672	126	153
5673	969	966
5674	569	496
5675	941	586
5676	536	163
5677	103	437
5678	608	163
5679	52	287
5680	669	497
5681	53	652
5682	870	860
5683	272	890
5684	362	623
5685	159	241
5686	84	445
5687	741	177
5688	465	102
5689	811	908
5690	974	752
5691	280	529
5692	372	757
5693	211	80
5694	45	721
5695	476	164
5696	287	666
5697	275	322
5698	641	169
5699	248	256
5700	311	346
5701	756	199
5702	53	712
5703	236	694
5704	151	620
5705	279	79
5706	583	50
5707	3	312
5708	906	116
5709	69	637
5710	833	692
5711	185	623
5712	863	822
5713	320	186
5714	575	315
5715	340	15
5716	95	901
5717	667	915
5718	715	117
5719	926	284
5720	372	950
5721	790	216
5722	95	235
5723	309	451
5724	881	307
5725	641	569
5726	401	69
5727	152	726
5728	536	743
5729	523	359
5730	299	329
5731	601	807
5732	188	165
5733	943	4
5734	458	900
5735	510	101
5736	304	554
5737	317	410
5738	240	185
5739	50	287
5740	71	164
5741	707	687
5742	992	406
5743	975	282
5744	745	6
5745	1	118
5746	84	20
5747	445	52
5748	91	601
5749	456	527
5750	624	186
5751	286	808
5752	99	312
5753	63	829
5754	31	334
5755	441	361
5756	655	515
5757	115	58
5758	19	757
5759	630	742
5760	450	158
5761	401	786
5762	470	476
5763	613	109
5764	283	660
5765	952	400
5766	207	782
5767	745	32
5768	600	856
5769	186	627
5770	996	357
5771	973	324
5772	895	427
5773	952	594
5774	841	915
5775	147	370
5776	506	887
5777	311	840
5778	638	911
5779	907	468
5780	324	269
5781	453	566
5782	437	439
5783	140	594
5784	718	415
5785	827	562
5786	867	465
5787	371	549
5788	808	127
5789	90	422
5790	903	129
5791	525	776
5792	231	618
5793	566	776
5794	458	198
5795	781	269
5796	622	661
5797	57	896
5798	595	511
5799	121	211
5800	784	667
5801	716	520
5802	285	872
5803	851	911
5804	273	521
5805	974	980
5806	682	597
5807	526	157
5808	540	144
5809	71	993
5810	501	830
5811	153	88
5812	158	801
5813	135	967
5814	270	879
5815	915	422
5816	244	334
5817	928	689
5818	134	864
5819	723	763
5820	159	725
5821	727	325
5822	462	998
5823	429	415
5824	21	179
5825	483	630
5826	513	883
5827	843	467
5828	935	501
5829	610	664
5830	829	105
5831	490	673
5832	617	790
5833	653	50
5834	81	623
5835	895	493
5836	699	300
5837	133	236
5838	279	218
5839	316	674
5840	970	368
5841	654	1000
5842	933	575
5843	272	638
5844	974	967
5845	683	279
5846	486	966
5847	723	538
5848	649	825
5849	776	74
5850	694	295
5851	901	16
5852	595	440
5853	230	430
5854	841	406
5855	53	275
5856	678	900
5857	590	277
5858	341	472
5859	412	645
5860	598	266
5861	879	414
5862	699	297
5863	877	563
5864	429	76
5865	728	734
5866	146	692
5867	311	520
5868	804	596
5869	513	851
5870	986	154
5871	315	898
5872	220	509
5873	331	168
5874	581	462
5875	744	10
5876	653	855
5877	834	532
5878	617	780
5879	305	743
5880	332	470
5881	742	644
5882	150	470
5883	162	807
5884	498	649
5885	825	402
5886	903	323
5887	273	659
5888	149	245
5889	499	540
5890	623	141
5891	466	882
5892	506	281
5893	159	448
5894	272	634
5895	735	701
5896	240	975
5897	237	560
5898	217	964
5899	933	143
5900	751	257
5901	919	796
5902	652	830
5903	462	731
5904	349	911
5905	274	353
5906	814	35
5907	419	651
5908	617	312
5909	185	731
5910	243	222
5911	787	691
5912	943	450
5913	853	515
5914	110	125
5915	759	956
5916	403	213
5917	666	989
5918	91	164
5919	972	195
5920	269	550
5921	9	804
5922	521	692
5923	648	276
5924	802	451
5925	816	423
5926	115	416
5927	837	568
5928	78	614
5929	849	78
5930	5	305
5931	941	22
5932	531	577
5933	473	122
5934	462	228
5935	780	789
5936	727	774
5937	386	468
5938	863	539
5939	839	29
5940	281	118
5941	404	290
5942	340	458
5943	499	442
5944	723	723
5945	532	454
5946	435	856
5947	437	953
5948	994	54
5949	842	412
5950	574	886
5951	550	927
5952	238	228
5953	359	965
5954	696	978
5955	47	585
5956	888	997
5957	543	157
5958	661	348
5959	266	699
5960	466	747
5961	100	443
5962	163	808
5963	708	613
5964	496	14
5965	357	413
5966	773	257
5967	565	158
5968	752	121
5969	83	943
5970	582	360
5971	392	750
5972	778	350
5973	825	551
5974	548	168
5975	414	55
5976	618	809
5977	972	81
5978	603	954
5979	225	738
5980	474	664
5981	919	534
5982	903	695
5983	173	800
5984	963	310
5985	127	692
5986	359	370
5987	298	983
5988	856	700
5989	873	242
5990	441	646
5991	428	805
5992	754	975
5993	852	2
5994	473	650
5995	162	380
5996	816	510
5997	95	469
5998	395	186
5999	922	500
6000	29	418
6001	399	768
6002	723	395
6003	531	792
6004	188	263
6005	898	896
6006	543	928
6007	500	708
6008	401	920
6009	279	938
6010	50	831
6011	773	426
6012	45	29
6013	6	393
6014	483	723
6015	676	506
6016	499	327
6017	842	710
6018	65	337
6019	529	845
6020	751	939
6021	252	580
6022	101	924
6023	364	521
6024	463	57
6025	57	784
6026	381	675
6027	445	831
6028	648	815
6029	88	672
6030	250	898
6031	856	885
6032	538	270
6033	39	932
6034	793	337
6035	95	145
6036	520	990
6037	153	865
6038	224	741
6039	243	51
6040	503	425
6041	522	176
6042	99	282
6043	570	332
6044	890	503
6045	149	518
6046	51	373
6047	487	724
6048	879	292
6049	916	673
6050	367	286
6051	384	507
6052	491	75
6053	937	207
6054	698	382
6055	988	57
6056	626	174
6057	963	926
6058	666	719
6059	265	562
6060	524	660
6061	74	190
6062	766	131
6063	310	494
6064	349	623
6065	757	904
6066	342	857
6067	522	341
6068	182	912
6069	688	752
6070	648	229
6071	494	15
6072	449	911
6073	699	503
6074	980	462
6075	723	697
6076	946	231
6077	303	387
6078	250	47
6079	728	970
6080	152	430
6081	261	256
6082	898	156
6083	962	700
6084	147	770
6085	714	489
6086	130	780
6087	750	732
6088	561	636
6089	212	13
6090	214	187
6091	536	633
6092	623	977
6093	967	332
6094	356	638
6095	301	355
6096	13	133
6097	970	381
6098	396	122
6099	999	4
6100	192	97
6101	547	451
6102	569	676
6103	703	246
6104	467	344
6105	313	251
6106	590	127
6107	956	297
6108	515	221
6109	661	735
6110	842	661
6111	926	224
6112	401	168
6113	135	690
6114	838	172
6115	143	448
6116	220	268
6117	163	979
6118	170	767
6119	990	91
6120	305	739
6121	142	311
6122	141	52
6123	788	831
6124	854	959
6125	312	134
6126	512	69
6127	42	881
6128	379	654
6129	609	778
6130	407	254
6131	747	859
6132	408	804
6133	870	183
6134	453	432
6135	619	128
6136	737	74
6137	936	188
6138	625	681
6139	136	814
6140	915	214
6141	160	460
6142	586	765
6143	890	316
6144	138	385
6145	644	693
6146	499	959
6147	906	119
6148	413	178
6149	147	680
6150	359	135
6151	174	685
6152	936	526
6153	7	645
6154	471	443
6155	928	521
6156	416	827
6157	557	279
6158	382	737
6159	305	274
6160	523	125
6161	527	454
6162	68	591
6163	347	436
6164	614	2
6165	360	195
6166	11	136
6167	812	17
6168	785	49
6169	607	742
6170	726	881
6171	52	115
6172	545	297
6173	148	88
6174	251	262
6175	80	580
6176	36	279
6177	727	860
6178	927	588
6179	614	212
6180	354	431
6181	74	528
6182	357	459
6183	844	136
6184	1	34
6185	66	776
6186	109	81
6187	254	676
6188	74	705
6189	588	441
6190	920	386
6191	249	995
6192	240	707
6193	1	971
6194	470	334
6195	652	21
6196	280	150
6197	371	734
6198	882	961
6199	216	64
6200	426	736
6201	814	297
6202	438	493
6203	650	456
6204	115	469
6205	269	967
6206	823	534
6207	75	892
6208	184	367
6209	796	127
6210	198	865
6211	854	603
6212	824	21
6213	410	758
6214	829	888
6215	600	910
6216	775	375
6217	273	18
6218	413	736
6219	766	178
6220	668	433
6221	165	61
6222	339	643
6223	678	453
6224	898	812
6225	303	655
6226	906	308
6227	857	883
6228	227	158
6229	987	607
6230	906	64
6231	155	282
6232	642	831
6233	872	359
6234	863	299
6235	434	285
6236	566	95
6237	785	621
6238	543	46
6239	359	527
6240	263	863
6241	822	87
6242	630	773
6243	905	806
6244	888	670
6245	838	484
6246	453	350
6247	958	160
6248	798	335
6249	629	100
6250	421	718
6251	935	431
6252	281	840
6253	382	548
6254	321	925
6255	942	859
6256	968	966
6257	61	224
6258	926	158
6259	254	750
6260	280	527
6261	491	626
6262	686	285
6263	809	804
6264	197	337
6265	789	906
6266	149	88
6267	231	693
6268	318	954
6269	716	507
6270	972	572
6271	125	627
6272	923	712
6273	716	856
6274	717	721
6275	470	181
6276	902	946
6277	385	178
6278	139	23
6279	383	938
6280	717	891
6281	639	276
6282	93	118
6283	550	109
6284	182	410
6285	900	391
6286	994	833
6287	285	597
6288	768	460
6289	793	908
6290	660	651
6291	990	606
6292	991	178
6293	598	186
6294	703	858
6295	640	336
6296	474	143
6297	712	431
6298	275	233
6299	610	346
6300	50	999
6301	639	953
6302	360	956
6303	564	7
6304	394	109
6305	840	309
6306	281	673
6307	495	18
6308	678	647
6309	354	200
6310	631	209
6311	607	561
6312	43	134
6313	174	311
6314	814	49
6315	329	482
6316	977	538
6317	538	151
6318	501	354
6319	134	845
6320	908	41
6321	480	652
6322	316	652
6323	461	940
6324	526	421
6325	187	765
6326	414	234
6327	657	975
6328	293	81
6329	2	231
6330	490	175
6331	116	417
6332	715	473
6333	95	920
6334	21	915
6335	872	625
6336	885	785
6337	233	506
6338	22	376
6339	599	642
6340	275	764
6341	214	799
6342	623	218
6343	841	101
6344	581	602
6345	618	490
6346	471	187
6347	158	616
6348	206	860
6349	620	545
6350	220	6
6351	241	798
6352	581	283
6353	963	261
6354	518	777
6355	911	203
6356	119	518
6357	899	653
6358	836	832
6359	920	725
6360	363	82
6361	337	629
6362	580	371
6363	199	957
6364	838	933
6365	883	885
6366	972	771
6367	117	159
6368	45	143
6369	434	490
6370	472	987
6371	885	901
6372	767	306
6373	637	856
6374	316	107
6375	135	444
6376	744	370
6377	837	97
6378	870	155
6379	681	490
6380	857	267
6381	745	115
6382	978	591
6383	464	779
6384	751	376
6385	873	961
6386	82	301
6387	842	190
6388	351	926
6389	771	107
6390	204	663
6391	987	703
6392	43	135
6393	451	701
6394	959	366
6395	382	271
6396	695	280
6397	752	663
6398	820	523
6399	817	184
6400	248	668
6401	332	676
6402	69	218
6403	454	425
6404	950	882
6405	90	875
6406	34	922
6407	880	563
6408	717	550
6409	130	967
6410	795	487
6411	278	821
6412	306	483
6413	684	439
6414	191	481
6415	153	19
6416	567	26
6417	963	7
6418	405	690
6419	818	677
6420	910	802
6421	97	161
6422	574	810
6423	94	284
6424	230	581
6425	14	989
6426	737	981
6427	986	783
6428	797	750
6429	591	968
6430	650	933
6431	504	142
6432	360	590
6433	748	796
6434	803	775
6435	56	657
6436	812	303
6437	84	484
6438	912	727
6439	878	477
6440	185	67
6441	836	958
6442	858	133
6443	319	843
6444	329	728
6445	718	549
6446	510	504
6447	459	84
6448	960	342
6449	824	751
6450	825	586
6451	400	386
6452	409	518
6453	110	887
6454	394	628
6455	379	11
6456	955	155
6457	145	558
6458	755	663
6459	372	691
6460	930	971
6461	904	577
6462	458	988
6463	265	181
6464	141	513
6465	791	87
6466	268	987
6467	580	827
6468	785	650
6469	36	783
6470	402	522
6471	360	12
6472	448	503
6473	867	578
6474	568	638
6475	748	291
6476	715	499
6477	234	734
6478	145	624
6479	332	548
6480	548	376
6481	463	315
6482	708	95
6483	615	805
6484	214	503
6485	800	187
6486	354	69
6487	272	999
6488	409	98
6489	17	637
6490	833	701
6491	300	207
6492	67	44
6493	77	334
6494	248	501
6495	892	951
6496	571	918
6497	150	80
6498	978	155
6499	974	20
6500	703	308
6501	980	16
6502	660	365
6503	896	274
6504	470	916
6505	477	889
6506	805	126
6507	925	538
6508	841	63
6509	370	922
6510	83	469
6511	671	920
6512	407	933
6513	759	725
6514	543	379
6515	597	459
6516	40	336
6517	47	291
6518	540	1
6519	565	270
6520	734	491
6521	269	733
6522	112	178
6523	871	638
6524	203	883
6525	566	213
6526	863	438
6527	381	271
6528	626	176
6529	253	447
6530	909	583
6531	143	213
6532	470	671
6533	85	885
6534	12	587
6535	659	531
6536	169	877
6537	239	625
6538	794	904
6539	799	285
6540	757	932
6541	545	676
6542	345	287
6543	710	769
6544	972	331
6545	946	265
6546	77	481
6547	698	773
6548	695	26
6549	164	277
6550	542	910
6551	292	106
6552	9	119
6553	279	216
6554	202	351
6555	545	839
6556	347	114
6557	276	130
6558	342	720
6559	426	16
6560	455	482
6561	745	742
6562	342	64
6563	578	609
6564	607	287
6565	55	432
6566	105	178
6567	784	903
6568	694	766
6569	602	484
6570	447	71
6571	192	762
6572	127	42
6573	585	204
6574	531	296
6575	164	558
6576	848	287
6577	435	997
6578	574	453
6579	328	952
6580	11	440
6581	263	246
6582	133	142
6583	26	900
6584	987	61
6585	355	329
6586	540	763
6587	686	757
6588	724	991
6589	489	931
6590	788	49
6591	516	999
6592	602	212
6593	491	739
6594	865	389
6595	731	950
6596	186	635
6597	383	125
6598	316	385
6599	472	8
6600	788	433
6601	257	322
6602	855	149
6603	106	385
6604	78	513
6605	720	653
6606	939	882
6607	371	754
6608	385	425
6609	303	538
6610	981	725
6611	104	6
6612	195	49
6613	163	341
6614	632	796
6615	740	569
6616	332	97
6617	404	85
6618	369	177
6619	808	28
6620	756	548
6621	578	363
6622	825	576
6623	412	587
6624	186	130
6625	719	303
6626	896	887
6627	386	306
6628	639	237
6629	270	762
6630	31	420
6631	65	785
6632	278	30
6633	965	964
6634	846	692
6635	41	703
6636	962	345
6637	277	155
6638	312	335
6639	16	458
6640	835	571
6641	653	630
6642	210	289
6643	565	11
6644	811	878
6645	119	58
6646	417	953
6647	451	4
6648	617	439
6649	712	839
6650	724	405
6651	59	291
6652	297	281
6653	102	658
6654	515	111
6655	730	746
6656	994	114
6657	451	320
6658	379	148
6659	811	855
6660	253	619
6661	264	421
6662	319	894
6663	925	99
6664	280	157
6665	81	35
6666	947	505
6667	549	30
6668	643	264
6669	890	736
6670	914	506
6671	348	778
6672	898	8
6673	123	923
6674	900	968
6675	147	983
6676	289	992
6677	264	431
6678	283	615
6679	523	447
6680	686	645
6681	346	202
6682	110	689
6683	207	752
6684	623	133
6685	17	830
6686	580	576
6687	300	127
6688	707	881
6689	326	970
6690	457	899
6691	984	661
6692	359	806
6693	376	639
6694	301	341
6695	292	871
6696	614	643
6697	14	725
6698	830	549
6699	195	417
6700	639	422
6701	191	691
6702	596	174
6703	31	156
6704	379	42
6705	353	224
6706	426	829
6707	344	3
6708	35	110
6709	891	928
6710	198	490
6711	916	982
6712	570	948
6713	289	197
6714	381	988
6715	58	886
6716	849	206
6717	951	841
6718	366	16
6719	307	490
6720	161	552
6721	754	172
6722	60	532
6723	102	380
6724	71	348
6725	958	84
6726	488	743
6727	348	461
6728	657	277
6729	610	898
6730	128	59
6731	100	48
6732	295	175
6733	316	30
6734	926	464
6735	277	10
6736	38	643
6737	583	127
6738	362	624
6739	869	633
6740	206	390
6741	550	407
6742	484	255
6743	520	280
6744	431	722
6745	792	568
6746	101	851
6747	122	30
6748	317	324
6749	812	877
6750	832	868
6751	628	935
6752	9	224
6753	957	673
6754	869	101
6755	80	8
6756	920	62
6757	579	181
6758	937	388
6759	735	400
6760	469	629
6761	976	559
6762	126	412
6763	951	134
6764	652	996
6765	461	454
6766	351	668
6767	921	833
6768	725	258
6769	114	949
6770	64	500
6771	993	585
6772	267	988
6773	855	12
6774	796	901
6775	439	992
6776	664	748
6777	9	856
6778	652	690
6779	558	572
6780	449	331
6781	748	831
6782	251	863
6783	70	531
6784	786	512
6785	999	63
6786	977	311
6787	706	662
6788	386	833
6789	531	237
6790	832	69
6791	298	748
6792	194	881
6793	379	220
6794	497	138
6795	364	420
6796	822	405
6797	770	156
6798	439	950
6799	306	791
6800	429	68
6801	975	348
6802	464	439
6803	794	549
6804	887	554
6805	651	170
6806	494	604
6807	575	925
6808	181	103
6809	446	259
6810	203	191
6811	812	984
6812	988	612
6813	170	213
6814	692	638
6815	925	27
6816	746	213
6817	86	161
6818	269	411
6819	340	361
6820	158	443
6821	417	468
6822	478	538
6823	461	899
6824	262	659
6825	292	691
6826	972	152
6827	87	156
6828	99	148
6829	565	476
6830	733	550
6831	834	636
6832	841	609
6833	688	740
6834	647	857
6835	255	730
6836	538	874
6837	918	347
6838	613	384
6839	472	683
6840	80	492
6841	265	308
6842	530	914
6843	98	562
6844	345	816
6845	441	838
6846	821	675
6847	911	311
6848	179	16
6849	916	623
6850	838	346
6851	734	992
6852	220	505
6853	93	604
6854	38	880
6855	282	547
6856	690	902
6857	120	532
6858	549	5
6859	837	393
6860	230	46
6861	345	284
6862	434	314
6863	892	959
6864	895	935
6865	930	759
6866	387	567
6867	281	500
6868	179	770
6869	780	940
6870	411	424
6871	735	957
6872	675	890
6873	170	53
6874	24	644
6875	190	437
6876	561	239
6877	106	25
6878	694	983
6879	404	351
6880	8	854
6881	968	56
6882	691	715
6883	600	731
6884	847	939
6885	348	84
6886	855	274
6887	351	699
6888	798	55
6889	314	845
6890	651	306
6891	784	467
6892	202	65
6893	459	32
6894	859	102
6895	812	726
6896	0	231
6897	268	384
6898	564	588
6899	16	701
6900	720	72
6901	917	325
6902	746	56
6903	690	139
6904	505	505
6905	64	63
6906	576	945
6907	880	681
6908	497	345
6909	934	393
6910	814	498
6911	866	60
6912	181	493
6913	934	737
6914	222	414
6915	122	996
6916	478	571
6917	493	781
6918	287	280
6919	303	869
6920	555	26
6921	220	389
6922	498	561
6923	667	760
6924	189	696
6925	820	334
6926	642	219
6927	36	312
6928	245	392
6929	134	734
6930	642	798
6931	570	27
6932	713	697
6933	623	147
6934	723	876
6935	617	288
6936	327	69
6937	556	391
6938	287	543
6939	581	709
6940	770	277
6941	492	23
6942	937	210
6943	810	401
6944	687	879
6945	876	919
6946	346	704
6947	673	316
6948	789	760
6949	804	229
6950	496	171
6951	4	437
6952	110	243
6953	598	998
6954	855	613
6955	891	47
6956	812	793
6957	194	614
6958	380	317
6959	96	201
6960	99	743
6961	490	238
6962	488	50
6963	578	809
6964	429	262
6965	851	256
6966	259	319
6967	890	948
6968	106	53
6969	230	223
6970	212	580
6971	411	490
6972	37	523
6973	557	449
6974	312	788
6975	445	729
6976	982	892
6977	910	403
6978	594	264
6979	309	867
6980	813	247
6981	579	250
6982	858	926
6983	543	433
6984	832	446
6985	934	44
6986	199	986
6987	648	700
6988	998	406
6989	470	42
6990	741	960
6991	781	781
6992	725	444
6993	187	950
6994	683	563
6995	117	817
6996	590	280
6997	814	895
6998	301	565
6999	489	499
7000	295	525
7001	360	97
7002	367	441
7003	282	505
7004	850	266
7005	632	410
7006	954	619
7007	993	883
7008	938	800
7009	990	276
7010	888	689
7011	166	643
7012	207	353
7013	925	474
7014	448	506
7015	289	474
7016	267	950
7017	322	990
7018	804	631
7019	775	243
7020	542	570
7021	506	161
7022	880	847
7023	922	489
7024	840	388
7025	861	732
7026	421	594
7027	305	664
7028	509	882
7029	578	992
7030	755	665
7031	48	265
7032	886	512
7033	697	596
7034	810	197
7035	533	227
7036	938	838
7037	753	380
7038	602	861
7039	57	408
7040	677	929
7041	548	583
7042	142	280
7043	311	750
7044	568	700
7045	306	408
7046	559	88
7047	545	272
7048	257	182
7049	424	790
7050	50	605
7051	764	377
7052	315	525
7053	796	308
7054	170	32
7055	985	490
7056	712	436
7057	211	557
7058	315	877
7059	171	839
7060	233	956
7061	367	809
7062	239	469
7063	884	360
7064	338	305
7065	552	97
7066	745	210
7067	476	225
7068	156	778
7069	382	503
7070	135	695
7071	249	208
7072	497	521
7073	461	309
7074	108	48
7075	810	8
7076	274	311
7077	575	151
7078	214	111
7079	682	827
7080	682	960
7081	818	917
7082	383	190
7083	786	398
7084	913	630
7085	315	318
7086	878	270
7087	79	561
7088	558	329
7089	329	339
7090	705	951
7091	370	550
7092	517	763
7093	201	629
7094	436	852
7095	809	953
7096	363	423
7097	721	90
7098	488	713
7099	406	68
7100	822	266
7101	169	162
7102	179	648
7103	380	633
7104	367	538
7105	831	992
7106	839	772
7107	660	782
7108	516	99
7109	94	986
7110	450	654
7111	893	664
7112	847	641
7113	639	539
7114	536	772
7115	809	348
7116	419	338
7117	468	905
7118	981	345
7119	133	286
7120	86	16
7121	264	828
7122	51	407
7123	863	130
7124	681	74
7125	357	649
7126	43	291
7127	542	482
7128	471	363
7129	297	490
7130	452	40
7131	553	767
7132	766	863
7133	580	266
7134	503	827
7135	61	26
7136	99	636
7137	382	505
7138	370	140
7139	469	711
7140	430	53
7141	167	779
7142	505	27
7143	264	927
7144	107	741
7145	438	856
7146	609	452
7147	262	70
7148	268	240
7149	225	123
7150	9	246
7151	418	920
7152	66	620
7153	836	818
7154	814	470
7155	485	870
7156	509	407
7157	240	150
7158	279	692
7159	618	339
7160	573	896
7161	731	337
7162	551	868
7163	486	309
7164	824	857
7165	163	897
7166	218	280
7167	763	948
7168	435	36
7169	396	977
7170	919	446
7171	671	543
7172	479	900
7173	657	556
7174	237	493
7175	91	620
7176	673	109
7177	914	781
7178	996	70
7179	281	759
7180	727	578
7181	853	460
7182	967	45
7183	186	36
7184	221	535
7185	988	792
7186	947	315
7187	263	455
7188	723	518
7189	640	274
7190	839	754
7191	684	828
7192	437	867
7193	822	59
7194	548	217
7195	456	538
7196	56	102
7197	346	677
7198	540	716
7199	45	432
7200	131	437
7201	905	308
7202	271	549
7203	533	825
7204	495	895
7205	227	845
7206	645	948
7207	632	254
7208	261	983
7209	159	654
7210	340	464
7211	237	3
7212	194	637
7213	360	875
7214	84	570
7215	991	509
7216	313	705
7217	664	216
7218	845	902
7219	995	834
7220	621	911
7221	434	761
7222	415	419
7223	29	127
7224	514	253
7225	716	917
7226	82	978
7227	308	790
7228	205	654
7229	25	6
7230	78	993
7231	157	58
7232	666	579
7233	343	190
7234	134	668
7235	29	802
7236	402	916
7237	717	306
7238	434	295
7239	338	219
7240	145	719
7241	425	455
7242	502	654
7243	819	883
7244	358	498
7245	443	271
7246	35	571
7247	988	380
7248	546	111
7249	791	622
7250	320	411
7251	589	621
7252	646	567
7253	433	454
7254	967	155
7255	94	810
7256	644	236
7257	254	700
7258	880	449
7259	236	466
7260	528	601
7261	445	33
7262	983	890
7263	33	544
7264	995	35
7265	6	794
7266	158	667
7267	752	213
7268	355	272
7269	57	673
7270	312	112
7271	780	447
7272	490	513
7273	527	713
7274	627	200
7275	408	843
7276	606	564
7277	649	208
7278	209	701
7279	732	47
7280	834	770
7281	9	221
7282	722	895
7283	704	846
7284	445	659
7285	698	102
7286	397	569
7287	531	451
7288	120	69
7289	134	48
7290	73	155
7291	519	431
7292	393	856
7293	454	745
7294	940	154
7295	111	414
7296	901	62
7297	75	981
7298	613	329
7299	491	658
7300	955	69
7301	352	59
7302	763	494
7303	993	453
7304	115	101
7305	648	571
7306	690	62
7307	648	869
7308	498	320
7309	838	799
7310	646	369
7311	976	773
7312	642	379
7313	13	818
7314	321	300
7315	192	275
7316	244	727
7317	714	676
7318	187	126
7319	197	282
7320	835	900
7321	739	759
7322	150	809
7323	439	270
7324	296	898
7325	564	462
7326	35	594
7327	721	779
7328	208	299
7329	901	233
7330	953	347
7331	39	450
7332	317	903
7333	355	611
7334	515	350
7335	418	294
7336	469	563
7337	302	223
7338	310	257
7339	643	515
7340	950	476
7341	967	918
7342	408	395
7343	783	468
7344	322	673
7345	917	898
7346	416	616
7347	678	467
7348	918	891
7349	609	311
7350	16	39
7351	959	99
7352	373	408
7353	134	650
7354	494	735
7355	826	814
7356	150	113
7357	652	784
7358	641	368
7359	439	567
7360	643	296
7361	663	133
7362	848	737
7363	306	164
7364	495	298
7365	218	320
7366	770	970
7367	43	949
7368	83	445
7369	157	880
7370	337	749
7371	890	761
7372	325	609
7373	829	826
7374	339	953
7375	351	83
7376	554	59
7377	8	835
7378	755	217
7379	554	224
7380	201	667
7381	785	343
7382	569	707
7383	273	924
7384	185	361
7385	771	205
7386	634	328
7387	355	342
7388	956	946
7389	66	44
7390	674	27
7391	316	444
7392	216	512
7393	841	286
7394	799	781
7395	83	448
7396	590	923
7397	226	245
7398	309	262
7399	454	319
7400	997	212
7401	889	825
7402	44	554
7403	891	557
7404	300	592
7405	691	168
7406	464	878
7407	978	953
7408	37	47
7409	470	364
7410	287	346
7411	114	909
7412	275	957
7413	209	799
7414	525	485
7415	340	46
7416	854	552
7417	17	967
7418	736	254
7419	12	904
7420	450	61
7421	973	947
7422	84	221
7423	135	987
7424	746	393
7425	960	621
7426	125	164
7427	311	802
7428	595	641
7429	582	77
7430	211	436
7431	423	197
7432	651	366
7433	864	669
7434	741	1000
7435	172	961
7436	735	32
7437	368	589
7438	876	505
7439	700	766
7440	969	187
7441	820	74
7442	991	32
7443	568	169
7444	906	722
7445	224	376
7446	448	333
7447	730	838
7448	904	920
7449	517	833
7450	920	752
7451	379	949
7452	414	957
7453	435	933
7454	165	562
7455	417	852
7456	115	192
7457	524	54
7458	990	803
7459	529	770
7460	776	942
7461	951	806
7462	250	527
7463	69	49
7464	672	262
7465	142	291
7466	699	282
7467	292	289
7468	112	806
7469	643	376
7470	929	436
7471	683	370
7472	962	481
7473	985	876
7474	959	874
7475	139	472
7476	338	555
7477	336	969
7478	558	179
7479	965	894
7480	557	435
7481	818	123
7482	313	870
7483	200	526
7484	579	932
7485	668	277
7486	73	294
7487	691	668
7488	875	470
7489	476	89
7490	407	96
7491	780	817
7492	56	583
7493	536	373
7494	538	54
7495	990	686
7496	929	536
7497	602	704
7498	201	927
7499	991	878
7500	346	913
7501	382	214
7502	502	627
7503	808	104
7504	238	752
7505	826	495
7506	643	103
7507	166	930
7508	50	819
7509	688	837
7510	540	297
7511	794	575
7512	592	29
7513	761	156
7514	438	226
7515	312	466
7516	539	905
7517	534	653
7518	628	618
7519	597	51
7520	564	402
7521	897	575
7522	98	294
7523	269	973
7524	629	869
7525	111	318
7526	61	625
7527	943	54
7528	365	276
7529	310	203
7530	661	542
7531	1000	274
7532	448	132
7533	939	293
7534	514	577
7535	34	92
7536	539	748
7537	864	616
7538	586	539
7539	239	843
7540	554	726
7541	705	719
7542	860	286
7543	917	821
7544	976	886
7545	617	863
7546	602	640
7547	192	25
7548	707	64
7549	871	679
7550	172	831
7551	222	593
7552	783	990
7553	861	426
7554	595	643
7555	372	840
7556	44	337
7557	38	31
7558	119	707
7559	18	166
7560	37	335
7561	704	11
7562	715	652
7563	28	19
7564	423	529
7565	316	338
7566	363	592
7567	326	47
7568	872	664
7569	791	298
7570	679	13
7571	422	27
7572	749	213
7573	212	438
7574	393	189
7575	571	145
7576	655	104
7577	47	712
7578	777	944
7579	417	611
7580	618	525
7581	134	183
7582	650	616
7583	263	526
7584	753	465
7585	935	655
7586	640	943
7587	0	395
7588	565	844
7589	694	951
7590	740	109
7591	588	566
7592	386	981
7593	381	991
7594	303	243
7595	816	761
7596	944	16
7597	399	633
7598	297	594
7599	382	475
7600	178	341
7601	651	607
7602	547	825
7603	770	7
7604	822	288
7605	902	675
7606	827	309
7607	755	977
7608	69	946
7609	248	397
7610	191	665
7611	423	383
7612	653	566
7613	758	305
7614	132	929
7615	408	296
7616	14	340
7617	983	203
7618	177	446
7619	226	824
7620	23	375
7621	706	958
7622	477	463
7623	626	66
7624	104	795
7625	732	468
7626	858	948
7627	563	323
7628	607	164
7629	767	10
7630	842	378
7631	112	275
7632	828	738
7633	903	805
7634	470	261
7635	752	736
7636	890	920
7637	968	417
7638	491	259
7639	833	419
7640	220	546
7641	378	940
7642	471	301
7643	701	660
7644	176	53
7645	765	816
7646	544	821
7647	518	473
7648	481	535
7649	776	227
7650	469	316
7651	672	383
7652	400	394
7653	151	394
7654	406	497
7655	616	553
7656	643	467
7657	121	785
7658	354	667
7659	79	225
7660	949	933
7661	509	855
7662	54	805
7663	727	376
7664	258	889
7665	79	754
7666	576	175
7667	761	775
7668	758	243
7669	111	904
7670	36	818
7671	721	402
7672	874	562
7673	519	408
7674	551	417
7675	545	247
7676	307	637
7677	603	318
7678	489	397
7679	659	643
7680	961	756
7681	522	765
7682	78	986
7683	962	460
7684	383	545
7685	940	906
7686	220	287
7687	382	281
7688	544	906
7689	889	67
7690	820	146
7691	759	60
7692	103	764
7693	687	748
7694	338	763
7695	696	232
7696	183	515
7697	833	687
7698	170	65
7699	252	588
7700	24	404
7701	480	498
7702	394	817
7703	809	703
7704	610	853
7705	472	627
7706	597	253
7707	737	388
7708	924	427
7709	971	53
7710	914	492
7711	79	350
7712	600	489
7713	282	786
7714	53	575
7715	621	974
7716	594	269
7717	744	551
7718	773	934
7719	688	855
7720	582	246
7721	644	198
7722	997	140
7723	132	805
7724	932	397
7725	59	984
7726	167	120
7727	832	807
7728	339	726
7729	209	721
7730	177	140
7731	968	681
7732	968	662
7733	155	218
7734	958	310
7735	984	393
7736	650	773
7737	862	513
7738	672	202
7739	546	714
7740	539	932
7741	378	410
7742	532	480
7743	6	691
7744	514	396
7745	339	639
7746	640	975
7747	458	861
7748	291	642
7749	461	884
7750	325	943
7751	592	379
7752	867	429
7753	996	876
7754	998	301
7755	206	824
7756	900	869
7757	717	457
7758	419	860
7759	967	279
7760	626	361
7761	969	310
7762	652	261
7763	648	240
7764	582	708
7765	705	364
7766	957	540
7767	794	824
7768	479	663
7769	165	93
7770	519	329
7771	432	870
7772	391	785
7773	837	105
7774	343	463
7775	491	227
7776	687	63
7777	467	306
7778	229	333
7779	818	473
7780	452	144
7781	645	892
7782	561	867
7783	653	86
7784	460	142
7785	472	130
7786	2	945
7787	194	80
7788	142	970
7789	610	20
7790	403	893
7791	370	39
7792	628	792
7793	188	939
7794	665	496
7795	736	940
7796	487	760
7797	338	284
7798	8	303
7799	293	558
7800	968	482
7801	652	187
7802	69	385
7803	935	332
7804	950	869
7805	480	70
7806	640	82
7807	786	481
7808	393	315
7809	78	380
7810	591	619
7811	827	345
7812	619	71
7813	633	368
7814	961	964
7815	752	499
7816	671	906
7817	768	247
7818	475	596
7819	539	154
7820	197	624
7821	340	939
7822	775	695
7823	906	316
7824	543	478
7825	993	764
7826	198	204
7827	811	858
7828	427	960
7829	85	315
7830	736	134
7831	427	839
7832	386	377
7833	287	272
7834	976	473
7835	114	587
7836	370	683
7837	620	109
7838	874	603
7839	575	923
7840	312	334
7841	779	652
7842	29	655
7843	434	423
7844	988	380
7845	612	896
7846	566	468
7847	915	493
7848	473	433
7849	555	103
7850	822	809
7851	270	21
7852	707	144
7853	133	657
7854	262	527
7855	154	800
7856	865	866
7857	346	25
7858	690	972
7859	696	821
7860	798	412
7861	440	707
7862	148	209
7863	722	744
7864	747	247
7865	406	462
7866	674	230
7867	826	420
7868	749	894
7869	893	557
7870	210	765
7871	855	609
7872	141	809
7873	880	204
7874	694	409
7875	109	228
7876	441	952
7877	302	86
7878	208	846
7879	713	863
7880	505	974
7881	705	737
7882	12	523
7883	642	341
7884	65	2
7885	406	92
7886	696	461
7887	363	256
7888	634	460
7889	777	360
7890	317	317
7891	345	743
7892	548	981
7893	832	865
7894	179	260
7895	932	478
7896	458	326
7897	61	566
7898	606	14
7899	622	829
7900	144	554
7901	443	43
7902	35	123
7903	720	352
7904	233	10
7905	171	159
7906	168	965
7907	707	344
7908	889	839
7909	86	632
7910	558	940
7911	750	834
7912	584	211
7913	649	251
7914	19	505
7915	920	398
7916	850	604
7917	981	55
7918	148	269
7919	910	558
7920	361	297
7921	371	28
7922	641	740
7923	810	411
7924	5	864
7925	391	609
7926	437	765
7927	722	885
7928	369	288
7929	658	638
7930	369	606
7931	948	764
7932	662	98
7933	459	451
7934	934	261
7935	431	779
7936	146	293
7937	979	142
7938	892	791
7939	157	344
7940	497	732
7941	809	558
7942	566	363
7943	63	232
7944	486	915
7945	554	8
7946	247	515
7947	892	514
7948	552	969
7949	179	162
7950	48	183
7951	862	565
7952	366	602
7953	74	328
7954	546	354
7955	461	154
7956	204	919
7957	295	893
7958	542	68
7959	556	132
7960	590	97
7961	683	425
7962	31	303
7963	781	515
7964	215	386
7965	141	37
7966	304	16
7967	844	448
7968	113	630
7969	852	431
7970	806	443
7971	800	886
7972	663	849
7973	574	195
7974	499	743
7975	19	763
7976	594	720
7977	936	255
7978	419	262
7979	308	396
7980	349	763
7981	553	897
7982	774	680
7983	29	961
7984	156	900
7985	896	347
7986	882	246
7987	798	229
7988	391	50
7989	555	669
7990	284	19
7991	499	70
7992	67	649
7993	860	922
7994	257	612
7995	72	162
7996	590	340
7997	702	469
7998	523	868
7999	461	972
8000	934	41
8001	7	499
8002	912	290
8003	782	161
8004	97	844
8005	64	263
8006	484	612
8007	87	372
8008	372	642
8009	121	255
8010	359	149
8011	44	465
8012	307	646
8013	584	506
8014	256	291
8015	920	687
8016	876	876
8017	695	947
8018	184	735
8019	181	616
8020	517	589
8021	706	914
8022	854	310
8023	434	83
8024	298	244
8025	299	694
8026	433	534
8027	13	353
8028	588	779
8029	77	886
8030	5	363
8031	697	508
8032	394	193
8033	307	849
8034	265	485
8035	980	790
8036	302	353
8037	903	554
8038	133	986
8039	809	899
8040	218	670
8041	829	692
8042	820	24
8043	100	93
8044	750	190
8045	887	413
8046	266	48
8047	549	898
8048	743	147
8049	816	180
8050	205	914
8051	971	739
8052	373	424
8053	129	817
8054	250	945
8055	228	518
8056	312	887
8057	155	141
8058	607	929
8059	482	441
8060	344	68
8061	813	702
8062	223	512
8063	330	526
8064	610	777
8065	613	929
8066	422	681
8067	705	754
8068	886	500
8069	432	191
8070	150	485
8071	573	29
8072	135	670
8073	368	103
8074	752	541
8075	888	66
8076	779	758
8077	572	311
8078	316	132
8079	374	747
8080	681	700
8081	411	315
8082	322	360
8083	727	171
8084	749	233
8085	136	780
8086	644	138
8087	320	594
8088	890	208
8089	528	692
8090	751	686
8091	553	372
8092	646	281
8093	888	681
8094	722	942
8095	479	472
8096	475	329
8097	466	431
8098	160	336
8099	762	629
8100	514	594
8101	958	24
8102	958	729
8103	172	296
8104	326	313
8105	63	493
8106	173	703
8107	258	275
8108	686	454
8109	104	524
8110	875	429
8111	212	652
8112	608	971
8113	56	77
8114	489	33
8115	95	323
8116	462	660
8117	437	54
8118	541	835
8119	249	280
8120	106	718
8121	924	215
8122	890	591
8123	103	964
8124	297	64
8125	184	316
8126	353	637
8127	821	188
8128	179	967
8129	910	261
8130	743	301
8131	470	149
8132	102	834
8133	398	986
8134	529	312
8135	544	515
8136	731	911
8137	197	302
8138	288	265
8139	908	369
8140	461	869
8141	394	701
8142	738	719
8143	865	132
8144	961	990
8145	762	434
8146	671	429
8147	512	277
8148	325	60
8149	802	795
8150	397	889
8151	549	253
8152	415	463
8153	629	647
8154	340	738
8155	437	659
8156	502	818
8157	626	247
8158	107	686
8159	320	172
8160	548	414
8161	525	936
8162	83	722
8163	632	546
8164	301	881
8165	7	291
8166	312	871
8167	322	569
8168	419	763
8169	728	565
8170	731	571
8171	638	183
8172	870	759
8173	313	841
8174	816	823
8175	796	102
8176	980	250
8177	791	621
8178	636	388
8179	429	49
8180	171	224
8181	753	211
8182	465	723
8183	418	610
8184	548	973
8185	912	251
8186	541	241
8187	461	791
8188	352	254
8189	193	922
8190	515	558
8191	801	726
8192	876	354
8193	259	508
8194	967	480
8195	312	326
8196	888	730
8197	501	741
8198	182	140
8199	945	49
8200	86	42
8201	984	440
8202	623	571
8203	253	474
8204	365	957
8205	683	974
8206	630	817
8207	576	179
8208	563	664
8209	220	672
8210	252	601
8211	57	569
8212	173	832
8213	157	430
8214	638	51
8215	643	211
8216	292	502
8217	21	271
8218	659	190
8219	177	322
8220	244	614
8221	185	892
8222	692	466
8223	275	262
8224	757	435
8225	428	20
8226	778	368
8227	940	87
8228	678	648
8229	252	180
8230	836	752
8231	328	460
8232	533	1
8233	955	462
8234	515	755
8235	410	486
8236	715	45
8237	196	555
8238	484	679
8239	179	387
8240	828	495
8241	887	544
8242	962	262
8243	246	775
8244	558	83
8245	608	436
8246	219	180
8247	836	725
8248	46	887
8249	85	147
8250	195	830
8251	490	589
8252	218	891
8253	912	102
8254	94	165
8255	513	603
8256	265	999
8257	763	738
8258	824	992
8259	837	700
8260	122	525
8261	36	666
8262	755	432
8263	819	26
8264	313	645
8265	472	75
8266	674	483
8267	117	326
8268	211	712
8269	382	349
8270	832	543
8271	749	454
8272	893	565
8273	56	888
8274	120	152
8275	117	718
8276	508	529
8277	454	870
8278	197	322
8279	800	371
8280	808	236
8281	556	296
8282	359	533
8283	10	609
8284	857	142
8285	163	61
8286	252	177
8287	564	317
8288	530	690
8289	379	496
8290	189	650
8291	292	619
8292	682	950
8293	760	202
8294	329	941
8295	310	701
8296	666	601
8297	986	361
8298	90	575
8299	920	505
8300	159	121
8301	571	635
8302	70	124
8303	135	216
8304	725	903
8305	449	88
8306	374	766
8307	961	801
8308	414	879
8309	529	487
8310	546	845
8311	418	138
8312	839	742
8313	532	114
8314	201	84
8315	929	156
8316	148	145
8317	649	968
8318	334	378
8319	189	973
8320	938	10
8321	340	595
8322	31	75
8323	895	861
8324	522	852
8325	514	5
8326	207	892
8327	898	489
8328	434	586
8329	517	367
8330	257	505
8331	643	900
8332	384	743
8333	130	817
8334	947	35
8335	984	760
8336	760	391
8337	690	843
8338	542	89
8339	654	224
8340	282	521
8341	227	362
8342	341	843
8343	976	400
8344	266	675
8345	84	605
8346	113	845
8347	126	851
8348	173	985
8349	950	367
8350	946	349
8351	594	320
8352	23	466
8353	265	952
8354	361	165
8355	72	992
8356	738	887
8357	741	559
8358	183	263
8359	296	603
8360	576	517
8361	405	134
8362	973	127
8363	96	868
8364	241	735
8365	637	878
8366	709	993
8367	652	441
8368	505	621
8369	891	817
8370	571	602
8371	990	798
8372	338	538
8373	698	864
8374	802	170
8375	233	926
8376	622	708
8377	23	448
8378	507	642
8379	651	883
8380	855	896
8381	431	924
8382	193	453
8383	536	864
8384	972	502
8385	111	731
8386	660	165
8387	432	716
8388	860	177
8389	277	3
8390	943	673
8391	110	830
8392	91	644
8393	535	114
8394	604	786
8395	902	181
8396	579	206
8397	134	762
8398	83	433
8399	442	103
8400	176	165
8401	145	705
8402	110	412
8403	443	639
8404	703	336
8405	859	177
8406	652	923
8407	156	212
8408	89	160
8409	891	834
8410	838	808
8411	493	27
8412	939	276
8413	839	976
8414	506	76
8415	513	249
8416	161	9
8417	802	533
8418	729	558
8419	439	713
8420	435	459
8421	924	759
8422	491	861
8423	184	774
8424	752	855
8425	113	145
8426	987	236
8427	910	688
8428	943	753
8429	264	503
8430	889	527
8431	277	109
8432	431	996
8433	508	449
8434	23	84
8435	517	969
8436	11	205
8437	581	11
8438	234	847
8439	271	399
8440	949	887
8441	382	139
8442	257	407
8443	450	902
8444	739	281
8445	504	178
8446	481	798
8447	28	387
8448	541	670
8449	842	311
8450	795	28
8451	165	73
8452	757	850
8453	647	636
8454	93	759
8455	105	847
8456	46	674
8457	65	398
8458	657	785
8459	828	930
8460	651	276
8461	730	431
8462	808	25
8463	236	309
8464	780	544
8465	571	108
8466	531	217
8467	334	559
8468	138	526
8469	548	18
8470	940	555
8471	873	257
8472	948	302
8473	760	498
8474	24	419
8475	882	517
8476	400	281
8477	687	706
8478	335	598
8479	500	997
8480	990	715
8481	222	224
8482	622	495
8483	17	197
8484	633	186
8485	912	275
8486	411	364
8487	320	653
8488	676	252
8489	440	816
8490	698	781
8491	458	640
8492	94	744
8493	505	322
8494	563	269
8495	833	119
8496	522	10
8497	628	334
8498	735	866
8499	945	854
8500	672	108
8501	868	378
8502	692	487
8503	374	313
8504	427	224
8505	319	292
8506	371	473
8507	925	614
8508	378	122
8509	732	977
8510	244	647
8511	48	473
8512	937	115
8513	755	379
8514	384	378
8515	217	880
8516	780	928
8517	309	636
8518	893	55
8519	820	187
8520	482	146
8521	881	956
8522	606	183
8523	842	553
8524	450	42
8525	384	793
8526	438	362
8527	581	600
8528	842	48
8529	896	672
8530	7	659
8531	423	38
8532	473	833
8533	824	307
8534	556	806
8535	164	787
8536	237	558
8537	217	597
8538	177	338
8539	35	915
8540	801	91
8541	774	428
8542	238	29
8543	439	338
8544	511	246
8545	484	698
8546	364	73
8547	160	83
8548	137	459
8549	613	415
8550	27	405
8551	781	696
8552	439	14
8553	971	465
8554	682	923
8555	730	562
8556	773	38
8557	100	91
8558	213	213
8559	447	360
8560	539	539
8561	486	920
8562	379	329
8563	219	867
8564	10	981
8565	3	111
8566	410	586
8567	19	542
8568	921	180
8569	574	120
8570	342	867
8571	791	295
8572	189	181
8573	64	605
8574	57	550
8575	21	874
8576	422	706
8577	428	360
8578	584	489
8579	193	79
8580	261	983
8581	87	185
8582	595	971
8583	212	91
8584	181	798
8585	330	384
8586	210	553
8587	69	625
8588	546	455
8589	176	744
8590	478	375
8591	219	177
8592	452	345
8593	70	762
8594	230	26
8595	589	670
8596	130	393
8597	238	353
8598	434	824
8599	973	606
8600	202	847
8601	982	155
8602	940	929
8603	216	913
8604	698	984
8605	37	45
8606	752	523
8607	249	373
8608	517	743
8609	142	929
8610	508	423
8611	260	529
8612	654	668
8613	340	250
8614	696	229
8615	169	451
8616	734	949
8617	878	118
8618	401	698
8619	885	526
8620	681	268
8621	842	315
8622	668	618
8623	261	258
8624	620	12
8625	39	920
8626	519	663
8627	766	515
8628	358	557
8629	741	417
8630	4	810
8631	505	995
8632	672	182
8633	914	643
8634	827	637
8635	231	222
8636	279	565
8637	559	703
8638	608	776
8639	240	56
8640	66	412
8641	184	937
8642	649	775
8643	295	293
8644	762	418
8645	680	108
8646	307	426
8647	152	623
8648	856	424
8649	842	151
8650	670	159
8651	163	31
8652	135	428
8653	804	639
8654	878	280
8655	595	639
8656	446	214
8657	942	190
8658	714	317
8659	64	213
8660	165	244
8661	148	683
8662	415	705
8663	929	502
8664	172	931
8665	63	613
8666	541	250
8667	269	809
8668	846	461
8669	110	552
8670	403	68
8671	351	480
8672	745	598
8673	802	696
8674	862	111
8675	373	816
8676	209	826
8677	545	387
8678	519	573
8679	574	415
8680	51	476
8681	307	660
8682	323	172
8683	556	709
8684	745	627
8685	13	695
8686	624	6
8687	167	128
8688	602	939
8689	941	19
8690	559	553
8691	760	67
8692	781	443
8693	284	155
8694	932	443
8695	314	457
8696	295	961
8697	585	1
8698	429	446
8699	425	9
8700	435	106
8701	586	142
8702	659	951
8703	188	103
8704	1000	601
8705	656	740
8706	29	716
8707	434	172
8708	841	461
8709	46	576
8710	183	181
8711	638	619
8712	824	780
8713	513	391
8714	704	671
8715	636	318
8716	276	953
8717	632	52
8718	882	926
8719	388	513
8720	524	503
8721	69	985
8722	96	29
8723	524	274
8724	18	768
8725	900	14
8726	605	958
8727	85	467
8728	218	851
8729	173	490
8730	444	96
8731	686	466
8732	265	904
8733	724	780
8734	14	476
8735	674	455
8736	533	193
8737	67	85
8738	632	289
8739	407	774
8740	121	57
8741	868	26
8742	764	925
8743	240	562
8744	353	653
8745	222	416
8746	927	696
8747	575	553
8748	156	620
8749	304	214
8750	886	986
8751	138	481
8752	660	823
8753	129	126
8754	209	155
8755	87	344
8756	507	579
8757	589	47
8758	446	538
8759	658	132
8760	749	73
8761	503	980
8762	480	800
8763	354	663
8764	944	996
8765	227	819
8766	588	354
8767	809	479
8768	235	445
8769	252	762
8770	961	753
8771	292	331
8772	270	964
8773	992	976
8774	501	502
8775	718	319
8776	899	353
8777	550	574
8778	98	647
8779	285	884
8780	687	921
8781	713	669
8782	329	645
8783	175	594
8784	276	580
8785	744	646
8786	587	47
8787	436	307
8788	965	474
8789	432	499
8790	246	474
8791	221	33
8792	304	713
8793	624	368
8794	315	773
8795	46	610
8796	993	478
8797	619	130
8798	840	249
8799	193	588
8800	181	117
8801	985	769
8802	250	652
8803	924	253
8804	13	973
8805	114	848
8806	465	294
8807	829	395
8808	291	337
8809	893	768
8810	588	794
8811	585	514
8812	236	904
8813	978	15
8814	856	158
8815	910	610
8816	110	185
8817	578	578
8818	985	121
8819	170	671
8820	200	686
8821	669	387
8822	551	370
8823	189	225
8824	421	304
8825	12	55
8826	368	188
8827	557	464
8828	820	332
8829	281	446
8830	969	395
8831	876	265
8832	306	982
8833	441	930
8834	110	276
8835	153	701
8836	556	304
8837	693	927
8838	215	933
8839	657	885
8840	494	427
8841	901	54
8842	365	451
8843	476	181
8844	398	262
8845	566	12
8846	489	799
8847	256	773
8848	984	828
8849	717	503
8850	941	214
8851	857	609
8852	507	23
8853	960	383
8854	761	180
8855	164	393
8856	740	832
8857	103	99
8858	951	25
8859	253	601
8860	355	522
8861	528	933
8862	110	349
8863	262	710
8864	26	712
8865	403	447
8866	384	455
8867	965	812
8868	65	870
8869	961	938
8870	477	370
8871	133	671
8872	27	634
8873	458	493
8874	693	802
8875	175	86
8876	589	875
8877	266	626
8878	331	987
8879	887	554
8880	190	803
8881	523	97
8882	427	945
8883	235	772
8884	567	180
8885	221	532
8886	927	40
8887	712	169
8888	229	961
8889	542	217
8890	940	90
8891	186	276
8892	657	702
8893	945	544
8894	574	31
8895	632	414
8896	131	10
8897	234	198
8898	89	646
8899	826	386
8900	976	760
8901	574	325
8902	635	200
8903	481	454
8904	923	175
8905	912	610
8906	475	142
8907	604	231
8908	81	312
8909	589	927
8910	103	592
8911	993	51
8912	585	622
8913	446	99
8914	500	388
8915	48	774
8916	63	979
8917	583	514
8918	105	802
8919	718	546
8920	821	128
8921	542	358
8922	518	749
8923	500	622
8924	442	144
8925	106	951
8926	851	535
8927	105	656
8928	686	701
8929	780	784
8930	635	245
8931	375	242
8932	705	833
8933	845	306
8934	660	625
8935	113	516
8936	211	542
8937	296	710
8938	716	577
8939	253	658
8940	348	348
8941	143	631
8942	850	652
8943	250	994
8944	616	777
8945	174	141
8946	684	84
8947	469	728
8948	282	706
8949	182	826
8950	529	205
8951	870	643
8952	836	76
8953	103	380
8954	406	417
8955	715	130
8956	331	421
8957	206	649
8958	392	159
8959	770	659
8960	819	68
8961	745	517
8962	117	251
8963	736	691
8964	540	930
8965	748	205
8966	801	915
8967	499	971
8968	913	900
8969	170	695
8970	364	252
8971	536	722
8972	161	750
8973	202	605
8974	750	258
8975	181	739
8976	122	568
8977	162	402
8978	673	46
8979	163	543
8980	768	777
8981	565	475
8982	159	902
8983	312	623
8984	574	292
8985	72	642
8986	595	405
8987	661	402
8988	113	866
8989	691	557
8990	528	567
8991	621	85
8992	726	854
8993	709	645
8994	172	254
8995	965	437
8996	594	932
8997	429	606
8998	101	292
8999	638	834
9000	264	158
9001	110	830
9002	193	724
9003	345	372
9004	675	134
9005	329	584
9006	870	293
9007	54	437
9008	94	139
9009	919	584
9010	567	935
9011	470	59
9012	343	161
9013	735	344
9014	483	488
9015	602	119
9016	875	829
9017	33	793
9018	569	249
9019	540	638
9020	184	384
9021	813	104
9022	67	593
9023	287	103
9024	733	517
9025	452	830
9026	624	873
9027	6	222
9028	529	283
9029	991	916
9030	502	238
9031	749	319
9032	21	205
9033	839	43
9034	500	80
9035	196	6
9036	828	298
9037	520	301
9038	28	824
9039	301	942
9040	135	737
9041	870	871
9042	408	205
9043	346	167
9044	954	660
9045	775	222
9046	403	174
9047	566	707
9048	180	329
9049	707	883
9050	599	557
9051	365	858
9052	228	938
9053	802	243
9054	569	399
9055	616	335
9056	491	1000
9057	5	615
9058	38	951
9059	753	303
9060	426	109
9061	214	764
9062	636	376
9063	133	663
9064	739	934
9065	346	640
9066	719	821
9067	104	950
9068	975	840
9069	39	680
9070	53	293
9071	9	20
9072	729	785
9073	103	752
9074	783	675
9075	488	161
9076	130	787
9077	421	773
9078	348	795
9079	67	997
9080	466	654
9081	673	244
9082	736	792
9083	890	430
9084	824	281
9085	936	735
9086	740	335
9087	403	726
9088	313	60
9089	574	565
9090	2	975
9091	864	936
9092	494	414
9093	351	186
9094	71	8
9095	35	84
9096	406	444
9097	868	34
9098	954	155
9099	77	746
9100	417	158
9101	616	85
9102	81	117
9103	122	781
9104	554	623
9105	182	695
9106	347	71
9107	109	16
9108	136	446
9109	598	117
9110	223	705
9111	401	852
9112	36	787
9113	528	497
9114	638	189
9115	28	783
9116	597	502
9117	64	770
9118	995	270
9119	830	748
9120	380	639
9121	310	243
9122	882	742
9123	506	835
9124	940	196
9125	213	118
9126	823	962
9127	874	628
9128	765	942
9129	305	900
9130	129	372
9131	197	798
9132	454	129
9133	416	954
9134	463	891
9135	988	775
9136	258	813
9137	806	496
9138	607	718
9139	769	986
9140	355	134
9141	510	605
9142	582	265
9143	872	979
9144	961	420
9145	834	865
9146	3	873
9147	129	71
9148	623	855
9149	902	796
9150	325	32
9151	213	100
9152	234	646
9153	861	901
9154	378	49
9155	897	98
9156	501	203
9157	910	903
9158	453	829
9159	294	199
9160	27	423
9161	276	996
9162	87	237
9163	515	421
9164	493	135
9165	148	644
9166	395	743
9167	947	653
9168	279	231
9169	500	925
9170	158	707
9171	651	328
9172	331	896
9173	907	964
9174	368	118
9175	55	563
9176	349	180
9177	373	334
9178	683	260
9179	23	691
9180	550	908
9181	495	775
9182	68	769
9183	911	317
9184	238	667
9185	246	270
9186	330	543
9187	321	870
9188	965	946
9189	58	119
9190	603	715
9191	63	929
9192	799	894
9193	264	43
9194	823	338
9195	239	769
9196	559	809
9197	674	939
9198	22	339
9199	997	885
9200	634	591
9201	660	460
9202	688	672
9203	320	373
9204	515	544
9205	105	628
9206	336	274
9207	940	340
9208	47	944
9209	530	789
9210	231	782
9211	158	650
9212	91	445
9213	965	906
9214	973	954
9215	64	487
9216	564	499
9217	470	315
9218	406	188
9219	672	759
9220	811	424
9221	553	619
9222	358	714
9223	637	446
9224	376	431
9225	388	929
9226	702	482
9227	699	633
9228	373	870
9229	327	284
9230	685	113
9231	512	369
9232	983	524
9233	854	933
9234	343	106
9235	252	974
9236	104	352
9237	979	457
9238	254	931
9239	79	821
9240	402	817
9241	244	752
9242	525	678
9243	77	134
9244	531	405
9245	717	244
9246	617	457
9247	976	655
9248	945	390
9249	540	812
9250	37	149
9251	822	710
9252	398	703
9253	155	138
9254	969	200
9255	733	853
9256	105	922
9257	480	705
9258	720	286
9259	184	891
9260	319	955
9261	642	733
9262	500	222
9263	951	95
9264	765	473
9265	390	492
9266	227	754
9267	832	641
9268	227	943
9269	946	27
9270	559	771
9271	235	153
9272	307	921
9273	242	7
9274	749	823
9275	533	655
9276	385	220
9277	877	214
9278	407	403
9279	625	197
9280	386	341
9281	778	952
9282	476	457
9283	540	915
9284	331	659
9285	690	734
9286	705	824
9287	342	419
9288	131	215
9289	231	108
9290	522	50
9291	679	390
9292	559	743
9293	25	350
9294	950	537
9295	140	952
9296	464	157
9297	937	535
9298	641	780
9299	327	539
9300	593	406
9301	193	573
9302	316	600
9303	606	345
9304	544	558
9305	929	534
9306	886	459
9307	220	884
9308	759	602
9309	503	930
9310	48	249
9311	999	706
9312	614	535
9313	677	679
9314	597	565
9315	289	848
9316	485	141
9317	511	844
9318	638	529
9319	348	431
9320	388	817
9321	945	57
9322	991	200
9323	754	669
9324	227	45
9325	531	668
9326	234	705
9327	897	828
9328	182	301
9329	191	803
9330	469	51
9331	772	584
9332	493	478
9333	902	390
9334	671	337
9335	350	865
9336	699	548
9337	20	747
9338	167	307
9339	286	391
9340	390	731
9341	311	609
9342	97	367
9343	739	612
9344	785	911
9345	530	248
9346	759	205
9347	616	429
9348	770	896
9349	752	74
9350	145	592
9351	280	185
9352	816	269
9353	853	69
9354	244	264
9355	718	634
9356	70	543
9357	284	629
9358	45	703
9359	919	222
9360	76	12
9361	405	907
9362	572	509
9363	362	550
9364	541	330
9365	457	609
9366	613	830
9367	775	76
9368	311	656
9369	54	964
9370	671	113
9371	992	401
9372	964	2
9373	693	345
9374	805	950
9375	987	543
9376	793	342
9377	413	647
9378	166	957
9379	798	226
9380	994	999
9381	318	44
9382	407	33
9383	781	152
9384	558	839
9385	738	347
9386	349	420
9387	196	663
9388	669	264
9389	441	322
9390	922	599
9391	872	965
9392	870	330
9393	664	569
9394	518	958
9395	488	659
9396	672	673
9397	670	682
9398	554	634
9399	850	911
9400	146	431
9401	395	794
9402	176	48
9403	211	214
9404	316	961
9405	236	293
9406	299	801
9407	430	887
9408	489	31
9409	113	469
9410	634	519
9411	152	99
9412	580	979
9413	893	498
9414	563	599
9415	416	73
9416	821	216
9417	183	995
9418	358	428
9419	285	730
9420	519	360
9421	197	72
9422	644	161
9423	233	89
9424	12	255
9425	456	274
9426	939	697
9427	555	130
9428	125	168
9429	405	124
9430	320	266
9431	609	319
9432	184	448
9433	944	588
9434	50	814
9435	378	177
9436	390	820
9437	768	75
9438	11	438
9439	780	249
9440	835	389
9441	241	621
9442	923	79
9443	630	794
9444	547	524
9445	218	920
9446	271	641
9447	212	365
9448	528	209
9449	766	943
9450	45	947
9451	182	322
9452	319	886
9453	305	940
9454	805	828
9455	394	749
9456	579	821
9457	812	891
9458	54	247
9459	904	183
9460	254	779
9461	82	582
9462	94	26
9463	462	392
9464	159	426
9465	2	503
9466	730	49
9467	345	761
9468	558	185
9469	640	796
9470	436	579
9471	977	807
9472	848	727
9473	878	68
9474	298	844
9475	707	760
9476	395	512
9477	614	116
9478	617	25
9479	386	863
9480	852	7
9481	849	655
9482	638	947
9483	97	172
9484	105	583
9485	150	948
9486	782	341
9487	205	292
9488	78	171
9489	171	69
9490	367	983
9491	311	761
9492	695	219
9493	163	342
9494	90	780
9495	437	470
9496	860	984
9497	283	70
9498	473	322
9499	228	246
9500	733	799
9501	762	473
9502	233	371
9503	179	762
9504	696	285
9505	476	649
9506	593	63
9507	993	76
9508	946	254
9509	182	222
9510	605	849
9511	398	389
9512	903	887
9513	953	868
9514	86	791
9515	186	607
9516	914	73
9517	214	641
9518	569	242
9519	282	395
9520	306	234
9521	29	946
9522	596	623
9523	616	618
9524	52	241
9525	574	183
9526	457	680
9527	856	280
9528	699	24
9529	383	825
9530	427	285
9531	621	836
9532	105	275
9533	147	862
9534	62	525
9535	642	973
9536	256	799
9537	431	862
9538	745	624
9539	725	694
9540	819	29
9541	989	235
9542	625	357
9543	102	951
9544	799	165
9545	820	468
9546	701	554
9547	339	850
9548	94	377
9549	626	78
9550	668	942
9551	107	50
9552	599	130
9553	404	354
9554	415	159
9555	772	149
9556	2	32
9557	563	597
9558	178	550
9559	803	41
9560	469	658
9561	48	993
9562	769	704
9563	926	527
9564	782	242
9565	472	145
9566	975	461
9567	551	754
9568	708	872
9569	999	275
9570	429	791
9571	738	308
9572	740	544
9573	276	519
9574	316	521
9575	937	309
9576	406	868
9577	125	125
9578	987	730
9579	467	293
9580	180	543
9581	763	295
9582	997	963
9583	668	432
9584	709	261
9585	157	255
9586	788	677
9587	648	229
9588	779	757
9589	123	440
9590	717	487
9591	254	522
9592	593	756
9593	908	65
9594	799	636
9595	404	843
9596	412	167
9597	461	392
9598	495	660
9599	103	416
9600	241	320
9601	550	527
9602	185	861
9603	846	427
9604	663	511
9605	180	171
9606	835	546
9607	870	984
9608	36	451
9609	978	803
9610	830	402
9611	434	392
9612	273	924
9613	405	319
9614	799	340
9615	225	466
9616	879	73
9617	779	823
9618	278	479
9619	285	362
9620	73	297
9621	841	312
9622	826	584
9623	962	551
9624	136	858
9625	33	23
9626	427	523
9627	799	935
9628	968	549
9629	315	743
9630	392	332
9631	720	641
9632	273	311
9633	465	950
9634	16	108
9635	590	749
9636	535	10
9637	871	475
9638	290	516
9639	953	427
9640	77	697
9641	887	740
9642	920	727
9643	500	616
9644	448	328
9645	656	966
9646	409	938
9647	519	43
9648	450	766
9649	83	259
9650	795	433
9651	344	929
9652	297	155
9653	432	560
9654	582	491
9655	75	316
9656	335	210
9657	340	108
9658	838	359
9659	506	3
9660	495	56
9661	843	948
9662	150	516
9663	337	184
9664	680	378
9665	354	172
9666	314	459
9667	668	138
9668	740	752
9669	998	221
9670	745	479
9671	727	813
9672	606	600
9673	586	507
9674	415	914
9675	612	603
9676	778	36
9677	794	355
9678	675	14
9679	149	515
9680	706	549
9681	20	745
9682	992	263
9683	390	618
9684	727	90
9685	405	198
9686	514	608
9687	317	245
9688	748	194
9689	237	506
9690	606	901
9691	149	105
9692	501	81
9693	119	235
9694	569	403
9695	807	977
9696	135	793
9697	714	670
9698	215	504
9699	50	140
9700	590	661
9701	511	836
9702	267	838
9703	892	161
9704	709	366
9705	174	919
9706	115	968
9707	422	486
9708	150	912
9709	754	457
9710	726	443
9711	967	25
9712	110	908
9713	554	229
9714	162	885
9715	17	323
9716	18	882
9717	490	848
9718	727	347
9719	711	279
9720	448	364
9721	123	359
9722	808	110
9723	65	678
9724	29	925
9725	997	114
9726	877	131
9727	720	427
9728	911	368
9729	189	859
9730	998	25
9731	754	646
9732	969	389
9733	266	934
9734	53	971
9735	868	440
9736	631	119
9737	307	950
9738	310	60
9739	550	614
9740	159	498
9741	867	579
9742	598	996
9743	777	950
9744	38	946
9745	63	393
9746	346	943
9747	218	163
9748	712	655
9749	119	37
9750	72	367
9751	89	846
9752	520	630
9753	983	296
9754	690	941
9755	223	282
9756	125	433
9757	422	254
9758	614	702
9759	487	913
9760	908	815
9761	23	628
9762	998	921
9763	142	611
9764	819	898
9765	153	930
9766	939	486
9767	452	743
9768	198	424
9769	879	542
9770	70	185
9771	164	460
9772	816	154
9773	348	465
9774	790	758
9775	726	362
9776	657	65
9777	971	254
9778	422	642
9779	443	629
9780	30	651
9781	497	49
9782	873	261
9783	749	984
9784	403	307
9785	884	229
9786	780	681
9787	207	414
9788	644	964
9789	736	740
9790	362	539
9791	565	477
9792	543	931
9793	47	738
9794	753	628
9795	933	211
9796	176	20
9797	559	991
9798	836	150
9799	166	657
9800	968	368
9801	108	37
9802	266	746
9803	992	782
9804	871	347
9805	304	870
9806	606	593
9807	225	689
9808	422	11
9809	260	511
9810	800	365
9811	390	420
9812	929	185
9813	726	755
9814	736	856
9815	650	168
9816	65	293
9817	900	401
9818	627	537
9819	32	170
9820	456	50
9821	658	804
9822	560	770
9823	868	367
9824	821	640
9825	509	809
9826	768	818
9827	732	865
9828	275	985
9829	56	698
9830	846	680
9831	492	889
9832	855	289
9833	65	107
9834	833	538
9835	491	261
9836	124	497
9837	72	79
9838	103	606
9839	461	550
9840	912	375
9841	431	498
9842	960	515
9843	568	368
9844	230	711
9845	894	96
9846	980	220
9847	566	707
9848	879	279
9849	246	574
9850	177	330
9851	868	599
9852	429	472
9853	235	81
9854	509	548
9855	304	759
9856	670	267
9857	7	360
9858	340	544
9859	463	242
9860	355	439
9861	935	243
9862	479	792
9863	95	765
9864	389	386
9865	181	120
9866	967	56
9867	405	699
9868	917	856
9869	162	208
9870	154	78
9871	30	546
9872	979	128
9873	645	319
9874	374	324
9875	980	280
9876	135	151
9877	341	709
9878	172	858
9879	598	779
9880	591	604
9881	116	691
9882	401	990
9883	519	701
9884	733	510
9885	690	776
9886	666	611
9887	245	265
9888	729	585
9889	711	13
9890	255	493
9891	798	985
9892	184	602
9893	36	985
9894	506	682
9895	326	875
9896	428	513
9897	715	590
9898	92	326
9899	15	829
9900	521	936
9901	298	947
9902	7	602
9903	935	779
9904	216	618
9905	10	543
9906	998	349
9907	76	512
9908	177	811
9909	899	454
9910	724	387
9911	851	548
9912	869	709
9913	279	518
9914	549	735
9915	418	828
9916	12	887
9917	341	912
9918	309	58
9919	473	428
9920	612	786
9921	28	989
9922	144	950
9923	638	64
9924	975	977
9925	475	516
9926	28	382
9927	232	969
9928	174	169
9929	614	561
9930	570	7
9931	270	617
9932	817	895
9933	355	724
9934	437	909
9935	550	651
9936	141	764
9937	59	330
9938	828	785
9939	584	952
9940	226	468
9941	521	967
9942	336	123
9943	869	523
9944	930	604
9945	615	6
9946	480	470
9947	925	464
9948	218	597
9949	855	258
9950	428	494
9951	583	850
9952	141	102
9953	292	755
9954	788	327
9955	428	263
9956	769	982
9957	684	604
9958	828	727
9959	470	494
9960	110	404
9961	464	694
9962	936	787
9963	285	324
9964	645	451
9965	304	982
9966	701	558
9967	489	785
9968	802	347
9969	245	692
9970	756	76
9971	984	175
9972	29	416
9973	697	389
9974	353	589
9975	649	450
9976	713	628
9977	692	272
9978	17	229
9979	706	250
9980	263	816
9981	475	747
9982	685	962
9983	777	864
9984	97	997
9985	88	29
9986	835	656
9987	671	762
9988	620	183
9989	13	211
9990	145	144
9991	336	289
9992	615	254
9993	344	504
9994	736	478
9995	442	624
9996	685	889
9997	403	704
9998	4	478
9999	389	89